219.62890625
219.43359375
219.23828125
219.04296875
218.84765625
218.65234375
218.45703125
218.26171875
218.06640625
217.87109375
217.67578125
107.91015625
107.71484375
107.51953125
107.32421875
107.12890625
106.93359375
106.73828125
106.54296875
106.34765625
106.15234375
105.95703125
105.76171875
105.56640625
105.37109375
105.17578125
104.98046875
104.78515625
104.58984375
104.39453125
102.24609375
101.66015625
101.46484375
101.26953125
101.07421875
4.58984375
4.39453125
4.19921875
4.00390625
3.80859375
3.61328125
3.41796875
3.22265625
3.02734375
2.83203125
2.63671875
2.44140625
2.24609375
2.05078125
1.85546875
1.66015625
1.46484375
1.26953125
1.07421875
0.87890625
0.68359375
0.48828125
0.29296875